v -0.534444 0 0.282778
v -0.535787 0 0.279224
v -0.537079 0 0.275662
v -0.538323 0 0.272092
v -0.539518 0 0.268516
v -0.540664 0 0.264932
v -0.541761 0 0.261343
v -0.54281 0 0.257748
v -0.543811 0 0.254147
v -0.544763 0 0.250542
v -0.545667 0 0.246932
v -0.546523 0 0.243318
v -0.547332 0 0.2397
v -0.548092 0 0.236079
v -0.548806 0 0.232455
v -0.549471 0 0.228828
v -0.55009 0 0.2252
v -0.550661 0 0.22157
v -0.551185 0 0.217939
v -0.551663 0 0.214308
v -0.552093 0 0.210676
v -0.552477 0 0.207044
v -0.552815 0 0.203412
v -0.553106 0 0.199782
v -0.553351 0 0.196153
v -0.55355 0 0.192526
v -0.553703 0 0.188901
v -0.553811 0 0.185279
v -0.553872 0 0.18166
v -0.553889 0 0.178044
v -0.553859 0 0.174433
v -0.553785 0 0.170826
v -0.553666 0 0.167223
v -0.553501 0 0.163626
v -0.553292 0 0.160034
v -0.553038 0 0.156449
v -0.552739 0 0.15287
v -0.552396 0 0.149297
v -0.552009 0 0.145733
v -0.551578 0 0.142176
v -0.551102 0 0.138627
v -0.550583 0 0.135086
v -0.55002 0 0.131555
v -0.549413 0 0.128033
v -0.548763 0 0.124521
v -0.54807 0 0.12102
v -0.547334 0 0.117529
v -0.546554 0 0.114049
v -0.545731 0 0.110581
v -0.544866 0 0.107124
v -0.543958 0 0.103681
v -0.543008 0 0.10025
v -0.542015 0 0.0968319
v -0.54098 0 0.0934277
v -0.539903 0 0.0900378
v -0.538784 0 0.0866624
v -0.537623 0 0.0833019
v -0.536421 0 0.0799568
v -0.535177 0 0.0766274
v -0.533891 0 0.0733143
v -0.532565 0 0.0700179
v -0.531197 0 0.0667385
v -0.529788 0 0.0634766
v -0.528338 0 0.0602325
v -0.526848 0 0.0570069
v -0.525317 0 0.0538001
v -0.523745 0 0.0506123
v -0.522133 0 0.0474443
v -0.520481 0 0.0442962
v -0.518789 0 0.0411685
v -0.517057 0 0.0380617
v -0.515286 0 0.0349763
v -0.513474 0 0.0319126
v -0.511624 0 0.0288711
v -0.509733 0 0.0258521
v -0.507804 0 0.022856
v -0.505835 0 0.0198834
v -0.503828 0 0.0169347
v -0.501782 0 0.0140102
v -0.499697 0 0.0111103
v -0.497573 0 0.00823568
v -0.495412 0 0.00538656
v -0.493212 0 0.00256327
v -0.490973 0 -0.000233459
v -0.488697 0 -0.00300354
v -0.486383 0 -0.00574636
v -0.484031 0 -0.00846151
v -0.481642 0 -0.0111486
v -0.479215 0 -0.0138071
v -0.476751 0 -0.0164368
v -0.47425 0 -0.0190371
v -0.471711 0 -0.0216077
v -0.469136 0 -0.024148
v -0.466524 0 -0.0266577
v -0.463875 0 -0.0291365
v -0.46119 0 -0.0315837
v -0.458469 0 -0.033999
v -0.455711 0 -0.0363821
v -0.452918 0 -0.0387324
v -0.450088 0 -0.0410496
v -0.447222 0 -0.0433332
v -0.447222 0 -0.0433333
v -0.444321 0 -0.045583
v -0.441385 0 -0.0477989
v -0.438415 0 -0.0499809
v -0.43541 0 -0.0521293
v -0.432373 0 -0.0542442
v -0.429303 0 -0.0563257
v -0.426202 0 -0.0583738
v -0.423069 0 -0.0603889
v -0.419906 0 -0.0623709
v -0.416713 0 -0.06432
v -0.41349 0 -0.0662363
v -0.41024 0 -0.0681199
v -0.406961 0 -0.0699709
v -0.403654 0 -0.0717895
v -0.400322 0 -0.0735758
v -0.396963 0 -0.0753299
v -0.393578 0 -0.0770519
v -0.39017 0 -0.078742
v -0.386737 0 -0.0804002
v -0.38328 0 -0.0820267
v -0.379801 0 -0.0836215
v -0.376299 0 -0.0851849
v -0.372776 0 -0.086717
v -0.369232 0 -0.0882178
v -0.365668 0 -0.0896875
v -0.362085 0 -0.0911262
v -0.358482 0 -0.092534
v -0.354861 0 -0.093911
v -0.351223 0 -0.0952575
v -0.347567 0 -0.0965734
v -0.343895 0 -0.0978588
v -0.340208 0 -0.0991141
v -0.336505 0 -0.100339
v -0.332788 0 -0.101534
v -0.329057 0 -0.102699
v -0.325313 0 -0.103834
v -0.321556 0 -0.10494
v -0.317788 0 -0.106016
v -0.314008 0 -0.107063
v -0.310218 0 -0.10808
v -0.306418 0 -0.109068
v -0.302608 0 -0.110027
v -0.29879 0 -0.110957
v -0.294964 0 -0.111858
v -0.29113 0 -0.112731
v -0.28729 0 -0.113575
v -0.283444 0 -0.11439
v -0.279592 0 -0.115177
v -0.275736 0 -0.115936
v -0.271875 0 -0.116667
v -0.268011 0 -0.117369
v -0.264144 0 -0.118044
v -0.260275 0 -0.118691
v -0.256404 0 -0.119311
v -0.252532 0 -0.119902
v -0.24866 0 -0.120467
v -0.244789 0 -0.121004
v -0.240918 0 -0.121514
v -0.237049 0 -0.121997
v -0.233182 0 -0.122453
v -0.229319 0 -0.122883
v -0.225458 0 -0.123285
v -0.221602 0 -0.123661
v -0.217751 0 -0.124011
v -0.213906 0 -0.124334
v -0.210066 0 -0.124631
v -0.206234 0 -0.124902
v -0.202408 0 -0.125147
v -0.198591 0 -0.125367
v -0.194783 0 -0.12556
v -0.190984 0 -0.125728
v -0.187195 0 -0.12587
v -0.183416 0 -0.125987
v -0.179649 0 -0.126079
v -0.175894 0 -0.126146
v -0.172152 0 -0.126188
v -0.168422 0 -0.126204
v -0.164707 0 -0.126196
v -0.161006 0 -0.126164
v -0.15732 0 -0.126107
v -0.15365 0 -0.126025
v -0.149997 0 -0.125919
v -0.14636 0 -0.125789
v -0.142741 0 -0.125635
v -0.139141 0 -0.125458
v -0.13556 0 -0.125256
v -0.131998 0 -0.12503
v -0.128457 0 -0.124781
v -0.124936 0 -0.124509
v -0.121437 0 -0.124213
v -0.117961 0 -0.123894
v -0.114507 0 -0.123552
v -0.111077 0 -0.123187
v -0.107671 0 -0.1228
v -0.10429 0 -0.122389
v -0.100934 0 -0.121956
v -0.0976041 0 -0.1215
v -0.0943011 0 -0.121023
v -0.0910255 0 -0.120522
v -0.087778 0 -0.12
v -0.0877778 0 -0.12
v -0.0845587 0 -0.119456
v -0.0813682 0 -0.11889
v -0.078206 0 -0.118302
v -0.0750718 0 -0.117692
v -0.0719657 0 -0.117062
v -0.0688873 0 -0.11641
v -0.0658365 0 -0.115737
v -0.0628131 0 -0.115043
v -0.0598169 0 -0.114328
v -0.0568477 0 -0.113593
v -0.0539055 0 -0.112837
v -0.05099 0 -0.112061
v -0.0481009 0 -0.111265
v -0.0452381 0 -0.110449
v -0.0424015 0 -0.109613
v -0.0395909 0 -0.108758
v -0.036806 0 -0.107883
v -0.0340468 0 -0.106988
v -0.031313 0 -0.106075
v -0.0286044 0 -0.105142
v -0.0259209 0 -0.104191
v -0.0232623 0 -0.103221
v -0.0206285 0 -0.102232
v -0.018019 0 -0.101225
v -0.0154341 0 -0.1002
v -0.0128731 0 -0.0991563
v -0.0103363 0 -0.098095
v -0.00782318 0 -0.0970159
v -0.00533376 0 -0.0959192
v -0.00286774 0 -0.094805
v -0.000425008 0 -0.0936735
v 0.00199463 0 -0.0925249
v 0.00439138 0 -0.0913594
v 0.00676534 0 -0.0901769
v 0.00911682 0 -0.0889779
v 0.0114459 0 -0.0877622
v 0.0137528 0 -0.0865303
v 0.0160377 0 -0.0852821
v 0.0183008 0 -0.0840178
v 0.0205422 0 -0.0827378
v 0.0227621 0 -0.081442
v 0.0249608 0 -0.0801305
v 0.0271384 0 -0.0788037
v 0.029295 0 -0.0774615
v 0.031431 0 -0.0761044
v 0.0335462 0 -0.0747323
v 0.0356412 0 -0.0733453
v 0.037716 0 -0.0719437
v 0.0397707 0 -0.0705277
v 0.0418055 0 -0.0690973
v 0.0438207 0 -0.0676527
v 0.0458164 0 -0.0661942
v 0.0477929 0 -0.0647217
v 0.0497501 0 -0.0632356
v 0.0516884 0 -0.0617359
v 0.053608 0 -0.0602229
v 0.0555089 0 -0.0586966
v 0.0573916 0 -0.0571573
v 0.0592559 0 -0.0556051
v 0.0611022 0 -0.05404
v 0.0629306 0 -0.0524625
v 0.0647413 0 -0.0508724
v 0.0665346 0 -0.04927
v 0.0683104 0 -0.0476555
v 0.0700693 0 -0.0460292
v 0.071811 0 -0.0443909
v 0.0735361 0 -0.042741
v 0.0752444 0 -0.0410796
v 0.0769364 0 -0.0394068
v 0.0786122 0 -0.0377229
v 0.0802718 0 -0.0360278
v 0.0819156 0 -0.034322
v 0.0835437 0 -0.0326054
v 0.0851562 0 -0.0308783
v 0.0867534 0 -0.0291407
v 0.0883355 0 -0.0273929
v 0.0899024 0 -0.025635
v 0.0914547 0 -0.0238672
v 0.0929924 0 -0.0220895
v 0.0945155 0 -0.0203023
v 0.0960244 0 -0.0185056
v 0.0975192 0 -0.0166996
v 0.0990001 0 -0.0148844
v 0.100467 0 -0.0130602
v 0.101921 0 -0.0112272
v 0.103361 0 -0.00938558
v 0.104788 0 -0.0075353
v 0.106202 0 -0.00567678
v 0.107604 0 -0.00380992
v 0.108992 0 -0.00193512
v 0.110368 0 -5.23885e-05
v 0.111732 0 0.00183818
v 0.113084 0 0.00373627
v 0.114424 0 0.00564178
v 0.115752 0 0.00755452
v 0.117068 0 0.00947449
v 0.118373 0 0.0114013
v 0.119667 0 0.013335
v 0.12095 0 0.0152753
v 0.122222 0 0.0172221
v 0.122222 0 0.0172222
v 0.123484 0 0.0191753
v 0.124735 0 0.0211344
v 0.125976 0 0.0230992
v 0.127207 0 0.0250691
v 0.128429 0 0.0270441
v 0.129643 0 0.0290235
v 0.130847 0 0.0310072
v 0.132044 0 0.0329947
v 0.133232 0 0.0349858
v 0.134413 0 0.03698
v 0.135587 0 0.038977
v 0.136754 0 0.0409765
v 0.137915 0 0.042978
v 0.139069 0 0.0449813
v 0.140217 0 0.046986
v 0.14136 0 0.0489917
v 0.142498 0 0.050998
v 0.143631 0 0.0530048
v 0.14476 0 0.0550115
v 0.145884 0 0.0570178
v 0.147005 0 0.0590233
v 0.148123 0 0.0610278
v 0.149237 0 0.0630309
v 0.150349 0 0.0650321
v 0.151458 0 0.0670312
v 0.152566 0 0.0690279
v 0.153671 0 0.0710216
v 0.154776 0 0.0730122
v 0.155879 0 0.0749992
v 0.156982 0 0.0769822
v 0.158085 0 0.0789611
v 0.159188 0 0.0809353
v 0.160291 0 0.0829045
v 0.161394 0 0.0848684
v 0.162499 0 0.0868265
v 0.163606 0 0.0887787
v 0.164714 0 0.0907245
v 0.165825 0 0.0926636
v 0.166938 0 0.0945954
v 0.168053 0 0.09652
v 0.169172 0 0.0984367
v 0.170295 0 0.100345
v 0.171421 0 0.102245
v 0.172552 0 0.104136
v 0.173687 0 0.106018
v 0.174827 0 0.107891
v 0.175973 0 0.109753
v 0.177124 0 0.111606
v 0.178281 0 0.113447
v 0.179444 0 0.115278
v 0.180615 0 0.117097
v 0.181792 0 0.118905
v 0.182976 0 0.1207
v 0.184168 0 0.122483
v 0.185368 0 0.124254
v 0.186577 0 0.126011
v 0.187794 0 0.127755
v 0.189021 0 0.129485
v 0.190257 0 0.131201
v 0.191502 0 0.132902
v 0.192758 0 0.134589
v 0.194024 0 0.13626
v 0.195301 0 0.137916
v 0.19659 0 0.139555
v 0.197889 0 0.141179
v 0.199201 0 0.142786
v 0.200525 0 0.144376
v 0.201861 0 0.145948
v 0.203211 0 0.147503
v 0.204573 0 0.14904
v 0.20595 0 0.150558
v 0.20734 0 0.152058
v 0.208744 0 0.153539
v 0.210163 0 0.155
v 0.211597 0 0.156441
v 0.213047 0 0.157862
v 0.214512 0 0.159263
v 0.215993 0 0.160642
v 0.21749 0 0.162001
v 0.219004 0 0.163338
v 0.220536 0 0.164653
v 0.222084 0 0.165945
v 0.223651 0 0.167215
v 0.225235 0 0.168462
v 0.226838 0 0.169686
v 0.22846 0 0.170886
v 0.230101 0 0.172062
v 0.231761 0 0.173214
v 0.233442 0 0.174341
v 0.235142 0 0.175442
v 0.236863 0 0.176518
v 0.238605 0 0.177569
v 0.240368 0 0.178593
v 0.242153 0 0.179591
v 0.243959 0 0.180561
v 0.245788 0 0.181505
v 0.24764 0 0.182421
v 0.249514 0 0.183309
v 0.251412 0 0.184169
v 0.253333 0 0.185
v 0.253333 0 0.185
v 0.255279 0 0.185802
v 0.257247 0 0.186576
v 0.259239 0 0.18732
v 0.261253 0 0.188037
v 0.263289 0 0.188725
v 0.265347 0 0.189385
v 0.267425 0 0.190017
v 0.269524 0 0.190622
v 0.271643 0 0.191199
v 0.273781 0 0.191749
v 0.275938 0 0.192272
v 0.278114 0 0.192768
v 0.280307 0 0.193237
v 0.282517 0 0.19368
v 0.284745 0 0.194096
v 0.286988 0 0.194487
v 0.289248 0 0.194851
v 0.291522 0 0.19519
v 0.293812 0 0.195503
v 0.296116 0 0.195791
v 0.298433 0 0.196054
v 0.300764 0 0.196292
v 0.303107 0 0.196505
v 0.305463 0 0.196693
v 0.30783 0 0.196858
v 0.310208 0 0.196998
v 0.312597 0 0.197114
v 0.314997 0 0.197206
v 0.317405 0 0.197275
v 0.319823 0 0.19732
v 0.32225 0 0.197342
v 0.324685 0 0.197341
v 0.327127 0 0.197317
v 0.329576 0 0.197271
v 0.332032 0 0.197202
v 0.334494 0 0.197111
v 0.336961 0 0.196998
v 0.339433 0 0.196863
v 0.34191 0 0.196707
v 0.344391 0 0.196529
v 0.346875 0 0.19633
v 0.349363 0 0.196109
v 0.351852 0 0.195868
v 0.354344 0 0.195606
v 0.356837 0 0.195324
v 0.359331 0 0.195021
v 0.361825 0 0.194698
v 0.36432 0 0.194356
v 0.366813 0 0.193993
v 0.369306 0 0.193611
v 0.371796 0 0.19321
v 0.374285 0 0.192789
v 0.376771 0 0.19235
v 0.379253 0 0.191892
v 0.381732 0 0.191415
v 0.384207 0 0.19092
v 0.386677 0 0.190407
v 0.389142 0 0.189876
v 0.391601 0 0.189327
v 0.394053 0 0.18876
v 0.396499 0 0.188176
v 0.398938 0 0.187575
v 0.401368 0 0.186957
v 0.403791 0 0.186322
v 0.406204 0 0.18567
v 0.408608 0 0.185002
v 0.411003 0 0.184317
v 0.413387 0 0.183617
v 0.415759 0 0.182901
v 0.418121 0 0.182169
v 0.420471 0 0.181422
v 0.422808 0 0.180659
v 0.425132 0 0.179881
v 0.427443 0 0.179089
v 0.429739 0 0.178281
v 0.432022 0 0.177459
v 0.434289 0 0.176623
v 0.436541 0 0.175773
v 0.438776 0 0.174909
v 0.440995 0 0.174031
v 0.443198 0 0.17314
v 0.445382 0 0.172235
v 0.447548 0 0.171317
v 0.449696 0 0.170386
v 0.451825 0 0.169443
v 0.453934 0 0.168487
v 0.456023 0 0.167518
v 0.458091 0 0.166537
v 0.460138 0 0.165545
v 0.462163 0 0.16454
v 0.464166 0 0.163524
v 0.466147 0 0.162496
v 0.468104 0 0.161458
v 0.470037 0 0.160408
v 0.471947 0 0.159347
v 0.473831 0 0.158276
v 0.47569 0 0.157195
v 0.477524 0 0.156103
v 0.479331 0 0.155001
v 0.481111 0 0.153889
v 0.481111 0 0.153889
v 0.482864 0 0.152767
v 0.48459 0 0.151636
v 0.486289 0 0.150496
v 0.487961 0 0.149346
v 0.489607 0 0.148186
v 0.491226 0 0.147018
v 0.492819 0 0.14584
v 0.494386 0 0.144653
v 0.495927 0 0.143456
v 0.497443 0 0.142251
v 0.498933 0 0.141037
v 0.500398 0 0.139814
v 0.501838 0 0.138582
v 0.503253 0 0.137342
v 0.504643 0 0.136093
v 0.506009 0 0.134835
v 0.50735 0 0.133569
v 0.508668 0 0.132294
v 0.509961 0 0.131011
v 0.511231 0 0.12972
v 0.512477 0 0.128421
v 0.5137 0 0.127113
v 0.5149 0 0.125797
v 0.516077 0 0.124474
v 0.517231 0 0.123142
v 0.518362 0 0.121803
v 0.519471 0 0.120456
v 0.520558 0 0.119101
v 0.521623 0 0.117739
v 0.522666 0 0.116369
v 0.523688 0 0.114991
v 0.524687 0 0.113607
v 0.525666 0 0.112215
v 0.526624 0 0.110815
v 0.527561 0 0.109409
v 0.528477 0 0.107995
v 0.529372 0 0.106575
v 0.530247 0 0.105147
v 0.531102 0 0.103712
v 0.531938 0 0.102271
v 0.532753 0 0.100823
v 0.533549 0 0.0993684
v 0.534326 0 0.0979071
v 0.535083 0 0.0964394
v 0.535822 0 0.0949651
v 0.536541 0 0.0934846
v 0.537243 0 0.0919977
v 0.537925 0 0.0905046
v 0.53859 0 0.0890053
v 0.539236 0 0.0875
v 0.539865 0 0.0859887
v 0.540476 0 0.0844714
v 0.541069 0 0.0829484
v 0.541646 0 0.0814195
v 0.542205 0 0.0798848
v 0.542747 0 0.0783446
v 0.543272 0 0.0767989
v 0.543782 0 0.0752476
v 0.544274 0 0.073691
v 0.544751 0 0.0721289
v 0.545212 0 0.0705616
v 0.545657 0 0.0689892
v 0.546086 0 0.0674116
v 0.5465 0 0.065829
v 0.546899 0 0.0642413
v 0.547283 0 0.0626488
v 0.547652 0 0.0610514
v 0.548007 0 0.0594494
v 0.548347 0 0.0578425
v 0.548673 0 0.0562312
v 0.548985 0 0.0546153
v 0.549283 0 0.0529949
v 0.549567 0 0.0513701
v 0.549838 0 0.049741
v 0.550095 0 0.0481077
v 0.55034 0 0.0464702
v 0.550572 0 0.0448286
v 0.550791 0 0.0431831
v 0.550997 0 0.0415335
v 0.551191 0 0.0398801
v 0.551373 0 0.0382229
v 0.551543 0 0.0365619
v 0.551701 0 0.0348974
v 0.551848 0 0.0332292
v 0.551983 0 0.0315574
v 0.552108 0 0.0298823
v 0.552221 0 0.0282038
v 0.552323 0 0.0265221
v 0.552415 0 0.0248371
v 0.552496 0 0.023149
v 0.552567 0 0.0214578
v 0.552628 0 0.0197636
v 0.552679 0 0.0180665
v 0.552721 0 0.0163666
v 0.552753 0 0.0146639
v 0.552776 0 0.0129585
v 0.552789 0 0.0112504
v 0.552794 0 0.0095398
v 0.55279 0 0.00782674
v 0.552778 0 0.00611125
v 0.552778 0 0.00611115
v 0.552757 0 0.00439331
v 0.552728 0 0.00267324
v 0.552691 0 0.000951131
v 0.552647 0 -0.000773112
v 0.552594 0 -0.00249919
v 0.552535 0 -0.00422709
v 0.552468 0 -0.00595662
v 0.552395 0 -0.00768778
v 0.552315 0 -0.00942047
v 0.552228 0 -0.0111545
v 0.552135 0 -0.0128897
v 0.552035 0 -0.0146262
v 0.55193 0 -0.0163636
v 0.551819 0 -0.0181021
v 0.551703 0 -0.0198414
v 0.551581 0 -0.0215814
v 0.551454 0 -0.023322
v 0.551322 0 -0.0250632
v 0.551186 0 -0.0268048
v 0.551044 0 -0.0285467
v 0.550899 0 -0.0302888
v 0.550749 0 -0.0320309
v 0.550596 0 -0.0337731
v 0.550439 0 -0.0355151
v 0.550278 0 -0.037257
v 0.550114 0 -0.0389984
v 0.549946 0 -0.0407394
v 0.549776 0 -0.04248
v 0.549603 0 -0.0442198
v 0.549428 0 -0.0459589
v 0.54925 0 -0.0476971
v 0.54907 0 -0.0494343
v 0.548888 0 -0.0511706
v 0.548705 0 -0.0529055
v 0.548519 0 -0.0546392
v 0.548333 0 -0.0563715
v 0.548145 0 -0.0581022
v 0.547957 0 -0.0598313
v 0.547768 0 -0.0615588
v 0.547578 0 -0.0632844
v 0.547388 0 -0.0650081
v 0.547197 0 -0.0667297
v 0.547007 0 -0.0684492
v 0.546817 0 -0.0701665
v 0.546628 0 -0.0718814
v 0.546439 0 -0.0735938
v 0.546251 0 -0.0753037
v 0.546064 0 -0.0770108
v 0.545879 0 -0.0787151
v 0.545694 0 -0.0804167
v 0.545512 0 -0.0821151
v 0.545331 0 -0.0838105
v 0.545153 0 -0.0855026
v 0.544977 0 -0.0871915
v 0.544803 0 -0.088877
v 0.544632 0 -0.0905588
v 0.544463 0 -0.092237
v 0.544298 0 -0.0939115
v 0.544136 0 -0.0955822
v 0.543978 0 -0.0972488
v 0.543823 0 -0.0989114
v 0.543672 0 -0.10057
v 0.543525 0 -0.102224
v 0.543383 0 -0.103874
v 0.543244 0 -0.105519
v 0.543111 0 -0.10716
v 0.542982 0 -0.108796
v 0.542859 0 -0.110427
v 0.542741 0 -0.112053
v 0.542628 0 -0.113674
v 0.542521 0 -0.11529
v 0.542419 0 -0.116901
v 0.542324 0 -0.118507
v 0.542235 0 -0.120107
v 0.542153 0 -0.121701
v 0.542077 0 -0.12329
v 0.542008 0 -0.124873
v 0.541946 0 -0.12645
v 0.541892 0 -0.128022
v 0.541844 0 -0.129587
v 0.541805 0 -0.131146
v 0.541773 0 -0.132698
v 0.54175 0 -0.134244
v 0.541735 0 -0.135784
v 0.541728 0 -0.137317
v 0.54173 0 -0.138843
v 0.54174 0 -0.140363
v 0.54176 0 -0.141875
v 0.541789 0 -0.143381
v 0.541828 0 -0.144879
v 0.541876 0 -0.14637
v 0.541934 0 -0.147853
v 0.542002 0 -0.14933
v 0.542081 0 -0.150798
v 0.542169 0 -0.152259
v 0.542269 0 -0.153712
v 0.542379 0 -0.155157
v 0.542501 0 -0.156595
v 0.542634 0 -0.158024
v 0.542778 0 -0.159444
v 0.542778 0 -0.159444
v 0.542934 0 -0.160857
v 0.543101 0 -0.162261
v 0.54328 0 -0.163656
v 0.543471 0 -0.165042
v 0.543674 0 -0.166418
v 0.543888 0 -0.167785
v 0.544115 0 -0.169142
v 0.544353 0 -0.170489
v 0.544602 0 -0.171825
v 0.544864 0 -0.173151
v 0.545137 0 -0.174465
v 0.545423 0 -0.175769
v 0.54572 0 -0.177061
v 0.546029 0 -0.178341
v 0.54635 0 -0.179609
v 0.546683 0 -0.180865
v 0.547027 0 -0.182108
v 0.547384 0 -0.183339
v 0.547753 0 -0.184556
v 0.548133 0 -0.18576
v 0.548526 0 -0.18695
v 0.548931 0 -0.188127
v 0.549347 0 -0.18929
v 0.549776 0 -0.190438
v 0.550217 0 -0.191571
v 0.55067 0 -0.19269
v 0.551135 0 -0.193793
v 0.551612 0 -0.194881
v 0.552101 0 -0.195953
v 0.552603 0 -0.197009
v 0.553116 0 -0.198049
v 0.553642 0 -0.199073
v 0.55418 0 -0.20008
v 0.55473 0 -0.201069
v 0.555293 0 -0.202042
v 0.555867 0 -0.202997
v 0.556454 0 -0.203934
v 0.557054 0 -0.204853
v 0.557665 0 -0.205753
v 0.558289 0 -0.206636
v 0.558925 0 -0.207499
v 0.559574 0 -0.208343
v 0.560234 0 -0.209167
v 0.560908 0 -0.209972
v 0.561593 0 -0.210758
v 0.562291 0 -0.211522
v 0.563002 0 -0.212267
v 0.563725 0 -0.212991
v 0.56446 0 -0.213693
v 0.565208 0 -0.214375
v 0.565969 0 -0.215035
v 0.566742 0 -0.215673
v 0.567527 0 -0.21629
v 0.568325 0 -0.216884
v 0.569136 0 -0.217455
v 0.569959 0 -0.218004
v 0.570795 0 -0.218529
v 0.571643 0 -0.219031
v 0.572504 0 -0.21951
v 0.573378 0 -0.219964
v 0.574264 0 -0.220395
v 0.575163 0 -0.220801
v 0.576075 0 -0.221183
v 0.576999 0 -0.221539
v 0.577936 0 -0.221871
v 0.578886 0 -0.222177
v 0.579849 0 -0.222457
v 0.580824 0 -0.222711
v 0.581813 0 -0.222939
v 0.582814 0 -0.223141
v 0.583828 0 -0.223315
v 0.584855 0 -0.223463
v 0.585894 0 -0.223583
v 0.586947 0 -0.223676
v 0.588012 0 -0.223741
v 0.58909 0 -0.223778
v 0.590182 0 -0.223787
v 0.591286 0 -0.223767
v 0.592403 0 -0.223718
v 0.593533 0 -0.22364
v 0.594676 0 -0.223533
v 0.595833 0 -0.223395
v 0.597002 0 -0.223229
v 0.598184 0 -0.223031
v 0.599379 0 -0.222804
v 0.600588 0 -0.222545
v 0.601809 0 -0.222256
v 0.603044 0 -0.221935
v 0.604292 0 -0.221583
v 0.605553 0 -0.221199
v 0.606827 0 -0.220784
v 0.608114 0 -0.220335
v 0.609415 0 -0.219855
v 0.610728 0 -0.219341
v 0.612055 0 -0.218794
v 0.613395 0 -0.218214
v 0.614749 0 -0.217601
v 0.616115 0 -0.216953
v 0.617495 0 -0.216272
v 0.618889 0 -0.215556
v 0.618889 0 -0.215556
v 0.620296 0 -0.214805
v 0.621715 0 -0.21402
v 0.623148 0 -0.213201
v 0.624593 0 -0.212349
v 0.626051 0 -0.211464
v 0.62752 0 -0.210546
v 0.629002 0 -0.209596
v 0.630495 0 -0.208614
v 0.631999 0 -0.207601
v 0.633515 0 -0.206557
v 0.635042 0 -0.205482
v 0.636579 0 -0.204377
v 0.638126 0 -0.203242
v 0.639684 0 -0.202078
v 0.641252 0 -0.200884
v 0.642829 0 -0.199662
v 0.644416 0 -0.198413
v 0.646012 0 -0.197135
v 0.647617 0 -0.19583
v 0.649231 0 -0.194498
v 0.650853 0 -0.193139
v 0.652484 0 -0.191755
v 0.654122 0 -0.190344
v 0.655768 0 -0.188908
v 0.657422 0 -0.187448
v 0.659083 0 -0.185963
v 0.660751 0 -0.184454
v 0.662425 0 -0.182921
v 0.664106 0 -0.181365
v 0.665794 0 -0.179786
v 0.667487 0 -0.178184
v 0.669187 0 -0.17656
v 0.670891 0 -0.174915
v 0.672602 0 -0.173249
v 0.674317 0 -0.171561
v 0.676037 0 -0.169854
v 0.677761 0 -0.168126
v 0.67949 0 -0.166379
v 0.681223 0 -0.164612
v 0.68296 0 -0.162827
v 0.6847 0 -0.161023
v 0.686444 0 -0.159201
v 0.688191 0 -0.157362
v 0.689941 0 -0.155505
v 0.691693 0 -0.153632
v 0.693448 0 -0.151742
v 0.695205 0 -0.149836
v 0.696964 0 -0.147915
v 0.698724 0 -0.145979
v 0.700486 0 -0.144028
v 0.702249 0 -0.142062
v 0.704013 0 -0.140083
v 0.705778 0 -0.13809
v 0.707543 0 -0.136084
v 0.709308 0 -0.134065
v 0.711073 0 -0.132035
v 0.712838 0 -0.129992
v 0.714603 0 -0.127937
v 0.716366 0 -0.125872
v 0.718129 0 -0.123796
v 0.71989 0 -0.121709
v 0.72165 0 -0.119613
v 0.723408 0 -0.117507
v 0.725164 0 -0.115392
v 0.726918 0 -0.113269
v 0.728669 0 -0.111137
v 0.730418 0 -0.108998
v 0.732163 0 -0.106851
v 0.733906 0 -0.104697
v 0.735645 0 -0.102537
v 0.73738 0 -0.10037
v 0.739112 0 -0.0981975
v 0.740839 0 -0.0960197
v 0.742561 0 -0.0938369
v 0.744279 0 -0.0916494
v 0.745993 0 -0.0894578
v 0.747701 0 -0.0872625
v 0.749403 0 -0.0850638
v 0.7511 0 -0.082862
v 0.752791 0 -0.0806579
v 0.754476 0 -0.0784515
v 0.756154 0 -0.0762435
v 0.757826 0 -0.0740341
v 0.759491 0 -0.0718238
v 0.761149 0 -0.069613
v 0.7628 0 -0.0674021
v 0.764443 0 -0.0651916
v 0.766078 0 -0.0629817
v 0.767705 0 -0.0607729
v 0.769324 0 -0.0585657
v 0.770934 0 -0.0563604
v 0.772535 0 -0.0541574
v 0.774128 0 -0.0519572
v 0.775711 0 -0.0497601
v 0.777284 0 -0.0475666
v 0.778848 0 -0.0453771
v 0.780401 0 -0.0431919
v 0.781945 0 -0.0410116
v 0.783478 0 -0.0388364
v 0.785 0 -0.0366668
v 0.785 0 -0.0366667
v 0.786511 0 -0.034503
v 0.788011 0 -0.0323452
v 0.7895 0 -0.030193
v 0.790978 0 -0.0280465
v 0.792445 0 -0.0259054
v 0.793901 0 -0.0237695
v 0.795346 0 -0.0216388
v 0.796779 0 -0.0195131
v 0.798201 0 -0.0173923
v 0.799612 0 -0.0152761
v 0.801012 0 -0.0131646
v 0.8024 0 -0.0110574
v 0.803777 0 -0.00895447
v 0.805143 0 -0.00685577
v 0.806498 0 -0.00476105
v 0.80784 0 -0.00267019
v 0.809172 0 -0.000582987
v 0.810492 0 0.00150065
v 0.811801 0 0.00358083
v 0.813098 0 0.00565776
v 0.814383 0 0.00773153
v 0.815657 0 0.00980235
v 0.81692 0 0.0118703
v 0.818171 0 0.0139355
v 0.81941 0 0.0159982
v 0.820637 0 0.0180586
v 0.821853 0 0.0201166
v 0.823057 0 0.0221724
v 0.824249 0 0.0242263
v 0.82543 0 0.0262784
v 0.826599 0 0.0283287
v 0.827756 0 0.0303775
v 0.828901 0 0.0324248
v 0.830034 0 0.0344709
v 0.831155 0 0.0365159
v 0.832265 0 0.0385599
v 0.833362 0 0.040603
v 0.834447 0 0.0426455
v 0.835521 0 0.0446874
v 0.836582 0 0.0467289
v 0.837631 0 0.0487701
v 0.838669 0 0.0508112
v 0.839694 0 0.0528523
v 0.840707 0 0.0548936
v 0.841708 0 0.0569352
v 0.842696 0 0.0589773
v 0.843673 0 0.0610199
v 0.844636 0 0.0630633
v 0.845588 0 0.0651075
v 0.846528 0 0.0671527
v 0.847455 0 0.0691992
v 0.84837 0 0.071247
v 0.849272 0 0.0732961
v 0.850162 0 0.0753469
v 0.85104 0 0.0773995
v 0.851905 0 0.0794539
v 0.852757 0 0.0815103
v 0.853597 0 0.0835689
v 0.854425 0 0.0856299
v 0.85524 0 0.0876933
v 0.856042 0 0.0897593
v 0.856832 0 0.091828
v 0.857609 0 0.0938996
v 0.858374 0 0.0959742
v 0.859125 0 0.0980521
v 0.859864 0 0.100133
v 0.86059 0 0.102218
v 0.861304 0 0.104306
v 0.862004 0 0.106398
v 0.862692 0 0.108494
v 0.863367 0 0.110594
v 0.864029 0 0.112698
v 0.864678 0 0.114806
v 0.865314 0 0.116919
v 0.865937 0 0.119036
v 0.866548 0 0.121159
v 0.867145 0 0.123286
v 0.867729 0 0.125418
v 0.8683 0 0.127555
v 0.868858 0 0.129698
v 0.869402 0 0.131846
v 0.869934 0 0.133999
v 0.870452 0 0.136159
v 0.870958 0 0.138324
v 0.87145 0 0.140496
v 0.871928 0 0.142673
v 0.872394 0 0.144857
v 0.872846 0 0.147047
v 0.873285 0 0.149244
v 0.87371 0 0.151448
v 0.874122 0 0.153659
v 0.87452 0 0.155877
v 0.874906 0 0.158101
v 0.875277 0 0.160334
v 0.875635 0 0.162573
v 0.87598 0 0.164821
v 0.876311 0 0.167076
v 0.876628 0 0.169339
v 0.876932 0 0.17161
v 0.877222 0 0.173889
v 0.877222 0 0.173889
v 0.877499 0 0.176176
v 0.877762 0 0.178472
v 0.878011 0 0.180775
v 0.878246 0 0.183086
v 0.878468 0 0.185405
v 0.878677 0 0.18773
v 0.878871 0 0.190062
v 0.879052 0 0.192401
v 0.87922 0 0.194746
v 0.879373 0 0.197098
v 0.879514 0 0.199455
v 0.87964 0 0.201818
v 0.879753 0 0.204186
v 0.879853 0 0.206559
v 0.879939 0 0.208938
v 0.880011 0 0.21132
v 0.88007 0 0.213708
v 0.880115 0 0.216099
v 0.880146 0 0.218494
v 0.880164 0 0.220893
v 0.880169 0 0.223296
v 0.88016 0 0.225701
v 0.880138 0 0.22811
v 0.880102 0 0.230521
v 0.880052 0 0.232934
v 0.879989 0 0.23535
v 0.879912 0 0.237767
v 0.879823 0 0.240186
v 0.879719 0 0.242607
v 0.879602 0 0.245029
v 0.879472 0 0.247452
v 0.879328 0 0.249875
v 0.879171 0 0.252299
v 0.879 0 0.254723
v 0.878816 0 0.257147
v 0.878618 0 0.259571
v 0.878407 0 0.261994
v 0.878183 0 0.264416
v 0.877945 0 0.266838
v 0.877693 0 0.269258
v 0.877429 0 0.271676
v 0.87715 0 0.274093
v 0.876859 0 0.276508
v 0.876554 0 0.27892
v 0.876236 0 0.28133
v 0.875904 0 0.283737
v 0.87556 0 0.286141
v 0.875201 0 0.288542
v 0.87483 0 0.29094
v 0.874444 0 0.293333
v 0.874046 0 0.295723
v 0.873634 0 0.298108
v 0.873209 0 0.300489
v 0.872771 0 0.302865
v 0.87232 0 0.305236
v 0.871855 0 0.307602
v 0.871377 0 0.309963
v 0.870885 0 0.312318
v 0.87038 0 0.314666
v 0.869862 0 0.317009
v 0.869331 0 0.319345
v 0.868786 0 0.321674
v 0.868229 0 0.323997
v 0.867657 0 0.326312
v 0.867073 0 0.32862
v 0.866476 0 0.33092
v 0.865865 0 0.333212
v 0.865241 0 0.335496
v 0.864604 0 0.337771
v 0.863953 0 0.340038
v 0.86329 0 0.342296
v 0.862613 0 0.344544
v 0.861923 0 0.346783
v 0.86122 0 0.349013
v 0.860504 0 0.351233
v 0.859774 0 0.353442
v 0.859031 0 0.355641
v 0.858276 0 0.357829
v 0.857507 0 0.360007
v 0.856724 0 0.362173
v 0.855929 0 0.364328
v 0.855121 0 0.366471
v 0.854299 0 0.368603
v 0.853465 0 0.370722
v 0.852617 0 0.372829
v 0.851756 0 0.374923
v 0.850882 0 0.377005
v 0.849996 0 0.379073
v 0.849095 0 0.381128
v 0.848182 0 0.383169
v 0.847256 0 0.385196
v 0.846317 0 0.387209
v 0.845365 0 0.389208
v 0.844399 0 0.391193
v 0.843421 0 0.393162
v 0.842429 0 0.395116
v 0.841425 0 0.397055
v 0.840407 0 0.398979
v 0.839377 0 0.400886
v 0.838333 0 0.402778
v 0.838333 0 0.402778
v 0.837277 0 0.404653
v 0.836208 0 0.406512
v 0.835126 0 0.408354
v 0.834032 0 0.410181
v 0.832925 0 0.411991
v 0.831807 0 0.413785
v 0.830677 0 0.415563
v 0.829535 0 0.417325
v 0.828382 0 0.41907
v 0.827218 0 0.4208
v 0.826043 0 0.422514
v 0.824857 0 0.424211
v 0.82366 0 0.425893
v 0.822454 0 0.427559
v 0.821237 0 0.429209
v 0.82001 0 0.430843
v 0.818774 0 0.432462
v 0.817528 0 0.434064
v 0.816273 0 0.435651
v 0.815009 0 0.437222
v 0.813736 0 0.438778
v 0.812454 0 0.440318
v 0.811164 0 0.441842
v 0.809866 0 0.443351
v 0.808559 0 0.444844
v 0.807245 0 0.446321
v 0.805923 0 0.447784
v 0.804594 0 0.44923
v 0.803257 0 0.450662
v 0.801913 0 0.452078
v 0.800563 0 0.453478
v 0.799206 0 0.454864
v 0.797843 0 0.456234
v 0.796473 0 0.457589
v 0.795098 0 0.458928
v 0.793716 0 0.460253
v 0.792329 0 0.461562
v 0.790937 0 0.462857
v 0.78954 0 0.464136
v 0.788138 0 0.4654
v 0.786731 0 0.466649
v 0.785319 0 0.467883
v 0.783903 0 0.469103
v 0.782484 0 0.470307
v 0.78106 0 0.471497
v 0.779632 0 0.472671
v 0.778201 0 0.473831
v 0.776767 0 0.474976
v 0.775329 0 0.476107
v 0.773889 0 0.477222
v 0.772446 0 0.478323
v 0.771001 0 0.47941
v 0.769553 0 0.480481
v 0.768103 0 0.481539
v 0.766652 0 0.482581
v 0.765198 0 0.483609
v 0.763744 0 0.484623
v 0.762288 0 0.485622
v 0.760831 0 0.486607
v 0.759373 0 0.487578
v 0.757915 0 0.488534
v 0.756456 0 0.489476
v 0.754998 0 0.490403
v 0.753539 0 0.491317
v 0.75208 0 0.492216
v 0.750622 0 0.493101
v 0.749164 0 0.493972
v 0.747708 0 0.494829
v 0.746252 0 0.495671
v 0.744798 0 0.4965
v 0.743345 0 0.497315
v 0.741894 0 0.498115
v 0.740444 0 0.498902
v 0.738997 0 0.499675
v 0.737552 0 0.500434
v 0.73611 0 0.501179
v 0.73467 0 0.501911
v 0.733233 0 0.502628
v 0.731799 0 0.503332
v 0.730369 0 0.504022
v 0.728942 0 0.504699
v 0.727519 0 0.505362
v 0.7261 0 0.506011
v 0.724685 0 0.506647
v 0.723274 0 0.507269
v 0.721868 0 0.507877
v 0.720467 0 0.508473
v 0.71907 0 0.509054
v 0.717679 0 0.509623
v 0.716293 0 0.510178
v 0.714913 0 0.510719
v 0.713539 0 0.511248
v 0.712171 0 0.511763
v 0.710809 0 0.512265
v 0.709453 0 0.512753
v 0.708104 0 0.513229
v 0.706761 0 0.513691
v 0.705426 0 0.514141
v 0.704098 0 0.514577
v 0.702778 0 0.515
v 0.702778 0 0.515
v 0.701465 0 0.51541
v 0.70016 0 0.515807
v 0.698862 0 0.516192
v 0.697571 0 0.516563
v 0.696288 0 0.516922
v 0.695011 0 0.517269
v 0.693742 0 0.517602
v 0.69248 0 0.517924
v 0.691224 0 0.518232
v 0.689974 0 0.518529
v 0.688732 0 0.518813
v 0.687495 0 0.519085
v 0.686265 0 0.519345
v 0.685041 0 0.519593
v 0.683823 0 0.519829
v 0.68261 0 0.520053
v 0.681404 0 0.520265
v 0.680203 0 0.520465
v 0.679008 0 0.520654
v 0.677818 0 0.520831
v 0.676633 0 0.520997
v 0.675453 0 0.521151
v 0.674279 0 0.521294
v 0.673109 0 0.521425
v 0.671944 0 0.521545
v 0.670784 0 0.521654
v 0.669629 0 0.521752
v 0.668477 0 0.521839
v 0.667331 0 0.521915
v 0.666188 0 0.52198
v 0.665049 0 0.522034
v 0.663914 0 0.522078
v 0.662784 0 0.522111
v 0.661656 0 0.522133
v 0.660533 0 0.522145
v 0.659413 0 0.522146
v 0.658296 0 0.522137
v 0.657182 0 0.522118
v 0.656072 0 0.522089
v 0.654965 0 0.522049
v 0.65386 0 0.521999
v 0.652758 0 0.52194
v 0.651659 0 0.52187
v 0.650562 0 0.52179
v 0.649468 0 0.521701
v 0.648376 0 0.521602
v 0.647286 0 0.521494
v 0.646198 0 0.521376
v 0.645112 0 0.521248
v 0.644028 0 0.521111
v 0.642945 0 0.520965
v 0.641864 0 0.520809
v 0.640785 0 0.520644
v 0.639707 0 0.520471
v 0.638629 0 0.520288
v 0.637554 0 0.520096
v 0.636478 0 0.519895
v 0.635404 0 0.519685
v 0.634331 0 0.519467
v 0.633258 0 0.51924
v 0.632185 0 0.519004
v 0.631113 0 0.51876
v 0.630041 0 0.518508
v 0.62897 0 0.518247
v 0.627898 0 0.517977
v 0.626826 0 0.5177
v 0.625754 0 0.517414
v 0.624681 0 0.51712
v 0.623608 0 0.516819
v 0.622535 0 0.516509
v 0.62146 0 0.516191
v 0.620385 0 0.515866
v 0.619309 0 0.515533
v 0.618231 0 0.515192
v 0.617153 0 0.514844
v 0.616073 0 0.514488
v 0.614992 0 0.514125
v 0.613909 0 0.513754
v 0.612824 0 0.513376
v 0.611738 0 0.512991
v 0.61065 0 0.512599
v 0.609559 0 0.5122
v 0.608467 0 0.511793
v 0.607372 0 0.51138
v 0.606275 0 0.51096
v 0.605175 0 0.510533
v 0.604072 0 0.5101
v 0.602967 0 0.50966
v 0.601859 0 0.509213
v 0.600748 0 0.50876
v 0.599634 0 0.508301
v 0.598516 0 0.507835
v 0.597395 0 0.507363
v 0.596271 0 0.506884
v 0.595143 0 0.5064
v 0.594011 0 0.50591
v 0.592876 0 0.505413
v 0.591736 0 0.504911
v 0.590592 0 0.504403
v 0.589444 0 0.503889
v 0.589444 0 0.503889
v 0.588292 0 0.503369
v 0.587136 0 0.502844
v 0.585975 0 0.502314
v 0.58481 0 0.501779
v 0.583641 0 0.501238
v 0.582467 0 0.500693
v 0.58129 0 0.500143
v 0.580108 0 0.499589
v 0.578922 0 0.49903
v 0.577732 0 0.498467
v 0.576538 0 0.4979
v 0.57534 0 0.49733
v 0.574138 0 0.496756
v 0.572932 0 0.496178
v 0.571722 0 0.495597
v 0.570508 0 0.495013
v 0.56929 0 0.494426
v 0.568068 0 0.493836
v 0.566843 0 0.493244
v 0.565613 0 0.492649
v 0.56438 0 0.492052
v 0.563143 0 0.491453
v 0.561902 0 0.490851
v 0.560658 0 0.490249
v 0.55941 0 0.489644
v 0.558158 0 0.489038
v 0.556902 0 0.488431
v 0.555643 0 0.487823
v 0.554381 0 0.487214
v 0.553114 0 0.486604
v 0.551845 0 0.485993
v 0.550571 0 0.485383
v 0.549295 0 0.484772
v 0.548014 0 0.484161
v 0.546731 0 0.48355
v 0.545444 0 0.482939
v 0.544153 0 0.482329
v 0.54286 0 0.481719
v 0.541563 0 0.48111
v 0.540262 0 0.480502
v 0.538959 0 0.479895
v 0.537652 0 0.47929
v 0.536342 0 0.478686
v 0.535028 0 0.478084
v 0.533712 0 0.477483
v 0.532392 0 0.476885
v 0.53107 0 0.476288
v 0.529744 0 0.475694
v 0.528415 0 0.475103
v 0.527083 0 0.474514
v 0.525748 0 0.473928
v 0.524411 0 0.473345
v 0.52307 0 0.472765
v 0.521726 0 0.472188
v 0.52038 0 0.471615
v 0.51903 0 0.471046
v 0.517678 0 0.470481
v 0.516323 0 0.469919
v 0.514965 0 0.469362
v 0.513604 0 0.468809
v 0.512241 0 0.468261
v 0.510875 0 0.467717
v 0.509506 0 0.467178
v 0.508135 0 0.466644
v 0.506761 0 0.466116
v 0.505384 0 0.465593
v 0.504005 0 0.465075
v 0.502623 0 0.464563
v 0.501239 0 0.464057
v 0.499852 0 0.463557
v 0.498463 0 0.463064
v 0.497071 0 0.462576
v 0.495677 0 0.462096
v 0.494281 0 0.461622
v 0.492882 0 0.461155
v 0.491481 0 0.460695
v 0.490077 0 0.460242
v 0.488672 0 0.459797
v 0.487264 0 0.459359
v 0.485853 0 0.458929
v 0.484441 0 0.458507
v 0.483026 0 0.458093
v 0.48161 0 0.457687
v 0.480191 0 0.45729
v 0.47877 0 0.456902
v 0.477347 0 0.456522
v 0.475922 0 0.456151
v 0.474495 0 0.455789
v 0.473066 0 0.455437
v 0.471635 0 0.455094
v 0.470202 0 0.454761
v 0.468767 0 0.454437
v 0.46733 0 0.454124
v 0.465891 0 0.45382
v 0.464451 0 0.453527
v 0.463009 0 0.453244
v 0.461565 0 0.452972
v 0.460119 0 0.452711
v 0.458671 0 0.452461
v 0.457222 0 0.452222
v 0.457222 0 0.452222
v 0.455771 0 0.451995
v 0.454319 0 0.451778
v 0.452865 0 0.451573
v 0.451409 0 0.451378
v 0.449951 0 0.451195
v 0.448492 0 0.451022
v 0.44703 0 0.45086
v 0.445567 0 0.450708
v 0.444103 0 0.450567
v 0.442636 0 0.450436
v 0.441168 0 0.450315
v 0.439697 0 0.450205
v 0.438225 0 0.450104
v 0.436751 0 0.450013
v 0.435275 0 0.449932
v 0.433798 0 0.44986
v 0.432318 0 0.449798
v 0.430836 0 0.449745
v 0.429352 0 0.449701
v 0.427867 0 0.449667
v 0.426379 0 0.449641
v 0.424889 0 0.449625
v 0.423398 0 0.449617
v 0.421904 0 0.449617
v 0.420408 0 0.449627
v 0.41891 0 0.449644
v 0.41741 0 0.449671
v 0.415908 0 0.449705
v 0.414404 0 0.449747
v 0.412897 0 0.449797
v 0.411389 0 0.449855
v 0.409878 0 0.449921
v 0.408365 0 0.449994
v 0.40685 0 0.450075
v 0.405332 0 0.450164
v 0.403813 0 0.450259
v 0.402291 0 0.450362
v 0.400766 0 0.450471
v 0.39924 0 0.450588
v 0.397711 0 0.450711
v 0.39618 0 0.450841
v 0.394646 0 0.450978
v 0.393111 0 0.451121
v 0.391572 0 0.45127
v 0.390032 0 0.451425
v 0.388489 0 0.451587
v 0.386943 0 0.451754
v 0.385395 0 0.451928
v 0.383845 0 0.452107
v 0.382292 0 0.452292
v 0.380736 0 0.452482
v 0.379178 0 0.452678
v 0.377618 0 0.452878
v 0.376055 0 0.453084
v 0.374489 0 0.453295
v 0.372921 0 0.453511
v 0.37135 0 0.453732
v 0.369777 0 0.453958
v 0.368201 0 0.454188
v 0.366622 0 0.454422
v 0.365041 0 0.454661
v 0.363457 0 0.454904
v 0.36187 0 0.455151
v 0.360281 0 0.455402
v 0.358689 0 0.455657
v 0.357094 0 0.455916
v 0.355496 0 0.456178
v 0.353896 0 0.456444
v 0.352292 0 0.456714
v 0.350686 0 0.456986
v 0.349077 0 0.457262
v 0.347466 0 0.457541
v 0.345851 0 0.457822
v 0.344233 0 0.458107
v 0.342613 0 0.458394
v 0.34099 0 0.458684
v 0.339363 0 0.458976
v 0.337734 0 0.459271
v 0.336102 0 0.459568
v 0.334467 0 0.459867
v 0.332829 0 0.460168
v 0.331187 0 0.46047
v 0.329543 0 0.460775
v 0.327896 0 0.461081
v 0.326246 0 0.461389
v 0.324592 0 0.461698
v 0.322936 0 0.462009
v 0.321276 0 0.462321
v 0.319613 0 0.462633
v 0.317947 0 0.462947
v 0.316278 0 0.463262
v 0.314606 0 0.463577
v 0.31293 0 0.463893
v 0.311252 0 0.464209
v 0.30957 0 0.464526
v 0.307885 0 0.464843
v 0.306196 0 0.46516
v 0.304505 0 0.465477
v 0.30281 0 0.465794
v 0.301111 0 0.466111
v 0.301111 0 0.466111
v 0.299409 0 0.466428
v 0.297705 0 0.466744
v 0.295997 0 0.46706
v 0.294286 0 0.467376
v 0.292573 0 0.467692
v 0.290857 0 0.468008
v 0.289139 0 0.468324
v 0.287418 0 0.468641
v 0.285696 0 0.468958
v 0.283971 0 0.469275
v 0.282245 0 0.469593
v 0.280517 0 0.469911
v 0.278788 0 0.47023
v 0.277058 0 0.47055
v 0.275326 0 0.47087
v 0.273594 0 0.471192
v 0.27186 0 0.471515
v 0.270127 0 0.471838
v 0.268392 0 0.472163
v 0.266658 0 0.472489
v 0.264923 0 0.472816
v 0.263188 0 0.473145
v 0.261454 0 0.473475
v 0.25972 0 0.473807
v 0.257986 0 0.474141
v 0.256253 0 0.474476
v 0.254521 0 0.474813
v 0.25279 0 0.475152
v 0.25106 0 0.475493
v 0.249331 0 0.475836
v 0.247604 0 0.476181
v 0.245878 0 0.476529
v 0.244154 0 0.476879
v 0.242433 0 0.477231
v 0.240713 0 0.477586
v 0.238995 0 0.477943
v 0.23728 0 0.478303
v 0.235568 0 0.478666
v 0.233858 0 0.479031
v 0.232151 0 0.4794
v 0.230447 0 0.479772
v 0.228747 0 0.480146
v 0.22705 0 0.480524
v 0.225356 0 0.480905
v 0.223666 0 0.481289
v 0.22198 0 0.481677
v 0.220298 0 0.482068
v 0.21862 0 0.482463
v 0.216947 0 0.482862
v 0.215278 0 0.483264
v 0.213613 0 0.48367
v 0.211954 0 0.48408
v 0.210299 0 0.484494
v 0.20865 0 0.484912
v 0.207006 0 0.485334
v 0.205368 0 0.485761
v 0.203735 0 0.486192
v 0.202107 0 0.486627
v 0.200486 0 0.487067
v 0.198871 0 0.487511
v 0.197262 0 0.48796
v 0.19566 0 0.488414
v 0.194064 0 0.488872
v 0.192475 0 0.489336
v 0.190893 0 0.489804
v 0.189318 0 0.490278
v 0.18775 0 0.490757
v 0.186189 0 0.491241
v 0.184636 0 0.49173
v 0.183091 0 0.492225
v 0.181554 0 0.492725
v 0.180024 0 0.493231
v 0.178503 0 0.493743
v 0.17699 0 0.49426
v 0.175486 0 0.494783
v 0.173991 0 0.495312
v 0.172504 0 0.495847
v 0.171026 0 0.496388
v 0.169557 0 0.496935
v 0.168098 0 0.497489
v 0.166648 0 0.498049
v 0.165208 0 0.498615
v 0.163777 0 0.499188
v 0.162357 0 0.499767
v 0.160946 0 0.500353
v 0.159546 0 0.500946
v 0.158156 0 0.501545
v 0.156777 0 0.502152
v 0.155409 0 0.502765
v 0.154051 0 0.503386
v 0.152705 0 0.504014
v 0.15137 0 0.504649
v 0.150046 0 0.505291
v 0.148733 0 0.505941
v 0.147433 0 0.506598
v 0.146144 0 0.507263
v 0.144867 0 0.507936
v 0.143603 0 0.508616
v 0.142351 0 0.509304
v 0.141111 0 0.51
v 0.141111 0 0.51
v 0.139884 0 0.510704
v 0.13867 0 0.511416
v 0.137468 0 0.512136
v 0.136279 0 0.512863
v 0.135104 0 0.513598
v 0.133941 0 0.51434
v 0.13279 0 0.51509
v 0.131653 0 0.515847
v 0.130529 0 0.516611
v 0.129418 0 0.517382
v 0.12832 0 0.51816
v 0.127235 0 0.518945
v 0.126163 0 0.519737
v 0.125104 0 0.520535
v 0.124059 0 0.52134
v 0.123026 0 0.522151
v 0.122008 0 0.522969
v 0.121002 0 0.523792
v 0.12001 0 0.524622
v 0.119031 0 0.525458
v 0.118066 0 0.526299
v 0.117114 0 0.527147
v 0.116176 0 0.528
v 0.115251 0 0.528858
v 0.11434 0 0.529722
v 0.113443 0 0.530592
v 0.112559 0 0.531466
v 0.111689 0 0.532346
v 0.110833 0 0.53323
v 0.109991 0 0.53412
v 0.109163 0 0.535014
v 0.108348 0 0.535913
v 0.107548 0 0.536817
v 0.106761 0 0.537725
v 0.105989 0 0.538638
v 0.10523 0 0.539555
v 0.104486 0 0.540475
v 0.103756 0 0.5414
v 0.10304 0 0.542329
v 0.102338 0 0.543262
v 0.10165 0 0.544199
v 0.100977 0 0.545139
v 0.100318 0 0.546082
v 0.0996737 0 0.54703
v 0.0990436 0 0.54798
v 0.098428 0 0.548934
v 0.0978269 0 0.54989
v 0.0972404 0 0.55085
v 0.0966684 0 0.551812
v 0.0961111 0 0.552778
v 0.0955684 0 0.553746
v 0.0950405 0 0.554716
v 0.0945273 0 0.555689
v 0.0940288 0 0.556665
v 0.0935453 0 0.557642
v 0.0930766 0 0.558622
v 0.0926228 0 0.559604
v 0.0921838 0 0.560587
v 0.0917599 0 0.561573
v 0.0913511 0 0.56256
v 0.0909573 0 0.563549
v 0.0905786 0 0.564539
v 0.0902151 0 0.565531
v 0.0898667 0 0.566524
v 0.0895336 0 0.567518
v 0.0892158 0 0.568513
v 0.0889132 0 0.569509
v 0.088626 0 0.570506
v 0.0883542 0 0.571504
v 0.0880977 0 0.572502
v 0.0878569 0 0.573501
v 0.0876314 0 0.5745
v 0.0874216 0 0.5755
v 0.0872273 0 0.5765
v 0.0870486 0 0.5775
v 0.0868856 0 0.5785
v 0.0867384 0 0.5795
v 0.0866067 0 0.580499
v 0.0864911 0 0.581499
v 0.0863911 0 0.582498
v 0.0863071 0 0.583496
v 0.0862389 0 0.584494
v 0.0861867 0 0.585491
v 0.0861505 0 0.586487
v 0.0861303 0 0.587482
v 0.0861261 0 0.588476
v 0.0861381 0 0.589469
v 0.0861663 0 0.590461
v 0.0862105 0 0.591451
v 0.0862711 0 0.59244
v 0.0863479 0 0.593427
v 0.086441 0 0.594413
v 0.0865505 0 0.595396
v 0.0866763 0 0.596378
v 0.0868186 0 0.597358
v 0.0869773 0 0.598335
v 0.0871526 0 0.599311
v 0.0873444 0 0.600284
v 0.0875528 0 0.601254
v 0.0877777 0 0.602222
v 0.0877778 0 0.602222
v 0.0880194 0 0.603188
v 0.0882776 0 0.60415
v 0.0885521 0 0.60511
v 0.0888429 0 0.606068
v 0.0891498 0 0.607024
v 0.0894727 0 0.607976
v 0.0898113 0 0.608927
v 0.0901655 0 0.609876
v 0.0905354 0 0.610822
v 0.0909205 0 0.611766
v 0.091321 0 0.612708
v 0.0917365 0 0.613648
v 0.092167 0 0.614587
v 0.0926122 0 0.615523
v 0.0930721 0 0.616458
v 0.0935465 0 0.617391
v 0.0940354 0 0.618322
v 0.0945385 0 0.619252
v 0.0950555 0 0.62018
v 0.0955867 0 0.621107
v 0.0961316 0 0.622032
v 0.0966901 0 0.622956
v 0.0972622 0 0.623879
v 0.0978475 0 0.6248
v 0.0984461 0 0.625721
v 0.0990579 0 0.62664
v 0.0996826 0 0.627558
v 0.10032 0 0.628475
v 0.10097 0 0.629392
v 0.101633 0 0.630307
v 0.102308 0 0.631222
v 0.102995 0 0.632136
v 0.103694 0 0.63305
v 0.104406 0 0.633962
v 0.105129 0 0.634875
v 0.105863 0 0.635787
v 0.106609 0 0.636698
v 0.107367 0 0.637609
v 0.108136 0 0.63852
v 0.108916 0 0.639431
v 0.109706 0 0.640342
v 0.110508 0 0.641252
v 0.11132 0 0.642163
v 0.112143 0 0.643073
v 0.112976 0 0.643984
v 0.113819 0 0.644895
v 0.114673 0 0.645806
v 0.115536 0 0.646718
v 0.116409 0 0.647629
v 0.117292 0 0.648542
v 0.118184 0 0.649454
v 0.119085 0 0.650368
v 0.119996 0 0.651282
v 0.120916 0 0.652196
v 0.121845 0 0.653112
v 0.122782 0 0.654028
v 0.123729 0 0.654945
v 0.124683 0 0.655863
v 0.125646 0 0.656782
v 0.126618 0 0.657702
v 0.127597 0 0.658623
v 0.128584 0 0.659546
v 0.129579 0 0.66047
v 0.130582 0 0.661395
v 0.131592 0 0.662321
v 0.13261 0 0.663249
v 0.133635 0 0.664178
v 0.134666 0 0.665109
v 0.135705 0 0.666042
v 0.13675 0 0.666976
v 0.137803 0 0.667912
v 0.138861 0 0.66885
v 0.139926 0 0.66979
v 0.140997 0 0.670732
v 0.142075 0 0.671675
v 0.143158 0 0.672621
v 0.144247 0 0.673569
v 0.145341 0 0.674519
v 0.146441 0 0.675472
v 0.147547 0 0.676427
v 0.148657 0 0.677384
v 0.149773 0 0.678344
v 0.150893 0 0.679306
v 0.152019 0 0.68027
v 0.153149 0 0.681238
v 0.154283 0 0.682208
v 0.155422 0 0.683181
v 0.156565 0 0.684157
v 0.157712 0 0.685135
v 0.158863 0 0.686117
v 0.160017 0 0.687102
v 0.161176 0 0.68809
v 0.162338 0 0.689081
v 0.163503 0 0.690075
v 0.164671 0 0.691072
v 0.165842 0 0.692073
v 0.167017 0 0.693077
v 0.168194 0 0.694085
v 0.169373 0 0.695096
v 0.170556 0 0.696111
v 0.170556 0 0.696111
v 0.17174 0 0.69713
v 0.172926 0 0.698152
v 0.174114 0 0.699177
v 0.175303 0 0.700207
v 0.176492 0 0.701239
v 0.177681 0 0.702275
v 0.17887 0 0.703315
v 0.180058 0 0.704358
v 0.181245 0 0.705404
v 0.182429 0 0.706453
v 0.183612 0 0.707506
v 0.184792 0 0.708562
v 0.185969 0 0.709621
v 0.187142 0 0.710682
v 0.188311 0 0.711747
v 0.189476 0 0.712815
v 0.190635 0 0.713886
v 0.19179 0 0.71496
v 0.192938 0 0.716036
v 0.19408 0 0.717116
v 0.195215 0 0.718198
v 0.196343 0 0.719282
v 0.197463 0 0.72037
v 0.198575 0 0.72146
v 0.199679 0 0.722552
v 0.200773 0 0.723647
v 0.201858 0 0.724744
v 0.202933 0 0.725844
v 0.203997 0 0.726947
v 0.205051 0 0.728051
v 0.206093 0 0.729158
v 0.207123 0 0.730267
v 0.208141 0 0.731378
v 0.209146 0 0.732491
v 0.210138 0 0.733607
v 0.211117 0 0.734724
v 0.212081 0 0.735844
v 0.213031 0 0.736965
v 0.213965 0 0.738088
v 0.214884 0 0.739213
v 0.215788 0 0.74034
v 0.216675 0 0.741469
v 0.217545 0 0.742599
v 0.218397 0 0.743731
v 0.219232 0 0.744865
v 0.220049 0 0.746
v 0.220847 0 0.747137
v 0.221626 0 0.748275
v 0.222386 0 0.749415
v 0.223125 0 0.750556
v 0.223844 0 0.751698
v 0.224542 0 0.752841
v 0.225218 0 0.753986
v 0.225873 0 0.755132
v 0.226505 0 0.75628
v 0.227115 0 0.757428
v 0.227701 0 0.758577
v 0.228263 0 0.759728
v 0.228802 0 0.760879
v 0.229316 0 0.762031
v 0.229804 0 0.763184
v 0.230267 0 0.764338
v 0.230705 0 0.765493
v 0.231116 0 0.766648
v 0.231499 0 0.767804
v 0.231856 0 0.768961
v 0.232185 0 0.770118
v 0.232485 0 0.771276
v 0.232757 0 0.772434
v 0.232999 0 0.773593
v 0.233212 0 0.774752
v 0.233395 0 0.775912
v 0.233548 0 0.777072
v 0.233669 0 0.778232
v 0.233759 0 0.779392
v 0.233817 0 0.780553
v 0.233842 0 0.781713
v 0.233835 0 0.782874
v 0.233794 0 0.784035
v 0.23372 0 0.785196
v 0.233611 0 0.786356
v 0.233468 0 0.787517
v 0.23329 0 0.788677
v 0.233076 0 0.789837
v 0.232826 0 0.790997
v 0.23254 0 0.792157
v 0.232217 0 0.793316
v 0.231856 0 0.794475
v 0.231457 0 0.795633
v 0.231021 0 0.796791
v 0.230545 0 0.797948
v 0.23003 0 0.799105
v 0.229476 0 0.800261
v 0.228881 0 0.801417
v 0.228246 0 0.802572
v 0.227569 0 0.803726
v 0.226852 0 0.804879
v 0.226092 0 0.806031
v 0.22529 0 0.807183
v 0.224444 0 0.808333
v 0.224444 0 0.808333
v 0.223556 0 0.809483
v 0.222625 0 0.810631
v 0.221652 0 0.811778
v 0.220637 0 0.812923
v 0.219581 0 0.814066
v 0.218485 0 0.815206
v 0.217349 0 0.816344
v 0.216173 0 0.817479
v 0.214959 0 0.818612
v 0.213707 0 0.819741
v 0.212417 0 0.820866
v 0.21109 0 0.821987
v 0.209726 0 0.823105
v 0.208327 0 0.824218
v 0.206892 0 0.825326
v 0.205422 0 0.82643
v 0.203919 0 0.827529
v 0.202382 0 0.828622
v 0.200812 0 0.829709
v 0.199209 0 0.830791
v 0.197574 0 0.831867
v 0.195909 0 0.832936
v 0.194212 0 0.833998
v 0.192485 0 0.835054
v 0.190729 0 0.836102
v 0.188944 0 0.837143
v 0.18713 0 0.838177
v 0.185289 0 0.839202
v 0.18342 0 0.840219
v 0.181524 0 0.841228
v 0.179603 0 0.842228
v 0.177656 0 0.84322
v 0.175683 0 0.844202
v 0.173687 0 0.845174
v 0.171666 0 0.846137
v 0.169623 0 0.847089
v 0.167556 0 0.848032
v 0.165468 0 0.848964
v 0.163358 0 0.849885
v 0.161227 0 0.850796
v 0.159075 0 0.851695
v 0.156904 0 0.852582
v 0.154713 0 0.853458
v 0.152504 0 0.854321
v 0.150277 0 0.855173
v 0.148032 0 0.856012
v 0.14577 0 0.856837
v 0.143492 0 0.85765
v 0.141198 0 0.85845
v 0.138889 0 0.859236
v 0.136565 0 0.860008
v 0.134227 0 0.860766
v 0.131876 0 0.86151
v 0.129511 0 0.862239
v 0.127134 0 0.862954
v 0.124746 0 0.863653
v 0.122346 0 0.864337
v 0.119935 0 0.865005
v 0.117515 0 0.865657
v 0.115085 0 0.866293
v 0.112645 0 0.866913
v 0.110198 0 0.867516
v 0.107743 0 0.868102
v 0.10528 0 0.868671
v 0.102811 0 0.869223
v 0.100336 0 0.869757
v 0.0978557 0 0.870273
v 0.0953703 0 0.870771
v 0.0928804 0 0.87125
v 0.0903868 0 0.871711
v 0.0878899 0 0.872152
v 0.0853904 0 0.872575
v 0.0828889 0 0.872977
v 0.0803859 0 0.873361
v 0.0778821 0 0.873724
v 0.0753778 0 0.874067
v 0.0728738 0 0.874389
v 0.0703706 0 0.874691
v 0.0678689 0 0.874972
v 0.065369 0 0.875231
v 0.0628717 0 0.875469
v 0.0603775 0 0.875685
v 0.057887 0 0.875879
v 0.0554007 0 0.876051
v 0.0529193 0 0.8762
v 0.0504432 0 0.876326
v 0.0479732 0 0.87643
v 0.0455096 0 0.876509
v 0.0430533 0 0.876566
v 0.0406046 0 0.876598
v 0.0381642 0 0.876607
v 0.0357325 0 0.876591
v 0.0333103 0 0.87655
v 0.0308981 0 0.876485
v 0.0284965 0 0.876394
v 0.0261061 0 0.876278
v 0.0237272 0 0.876137
v 0.0213607 0 0.875969
v 0.0190071 0 0.875776
v 0.0166668 0 0.875556
v 0.0166667 0 0.875556
v 0.0143403 0 0.875309
v 0.012028 0 0.875036
v 0.00972982 0 0.874737
v 0.00744558 0 0.874412
v 0.00517558 0 0.874062
v 0.00291962 0 0.873687
v 0.000677897 0 0.873287
v -0.00154968 0 0.872863
v -0.00376312 0 0.872415
v -0.00596222 0 0.871943
v -0.00814707 0 0.871447
v -0.0103177 0 0.870929
v -0.0124739 0 0.870387
v -0.0146158 0 0.869823
v -0.0167434 0 0.869237
v -0.0188565 0 0.86863
v -0.0209552 0 0.868
v -0.0230394 0 0.86735
v -0.0251092 0 0.866678
v -0.0271644 0 0.865987
v -0.0292052 0 0.865275
v -0.0312314 0 0.864543
v -0.0332429 0 0.863791
v -0.0352399 0 0.863021
v -0.0372222 0 0.862231
v -0.0391899 0 0.861423
v -0.0411429 0 0.860596
v -0.0430812 0 0.859752
v -0.0450046 0 0.85889
v -0.0469134 0 0.858011
v -0.0488073 0 0.857114
v -0.0506863 0 0.856201
v -0.0525507 0 0.855272
v -0.0544 0 0.854327
v -0.0562344 0 0.853366
v -0.058054 0 0.85239
v -0.0598585 0 0.851399
v -0.0616482 0 0.850393
v -0.0634227 0 0.849372
v -0.0651822 0 0.848338
v -0.0669267 0 0.84729
v -0.068656 0 0.846228
v -0.0703703 0 0.845153
v -0.0720694 0 0.844066
v -0.0737534 0 0.842966
v -0.0754221 0 0.841854
v -0.0770755 0 0.84073
v -0.0787138 0 0.839595
v -0.0803367 0 0.838449
v -0.0819444 0 0.837292
v -0.0835368 0 0.836124
v -0.0851137 0 0.834946
v -0.0866753 0 0.833758
v -0.0882214 0 0.832561
v -0.0897522 0 0.831355
v -0.0912675 0 0.830139
v -0.0927672 0 0.828915
v -0.0942515 0 0.827683
v -0.0957202 0 0.826443
v -0.0971733 0 0.825196
v -0.0986108 0 0.823941
v -0.100033 0 0.822679
v -0.101439 0 0.82141
v -0.10283 0 0.820136
v -0.104204 0 0.818855
v -0.105564 0 0.817568
v -0.106907 0 0.816277
v -0.108234 0 0.81498
v -0.109546 0 0.813679
v -0.110842 0 0.812373
v -0.112122 0 0.811063
v -0.113386 0 0.80975
v -0.114635 0 0.808433
v -0.115867 0 0.807113
v -0.117083 0 0.80579
v -0.118284 0 0.804465
v -0.119468 0 0.803138
v -0.120636 0 0.801809
v -0.121788 0 0.800478
v -0.122924 0 0.799147
v -0.124044 0 0.797814
v -0.125148 0 0.796482
v -0.126236 0 0.795149
v -0.127307 0 0.793816
v -0.128362 0 0.792483
v -0.129401 0 0.791152
v -0.130424 0 0.789822
v -0.13143 0 0.788493
v -0.13242 0 0.787166
v -0.133393 0 0.785841
v -0.13435 0 0.784518
v -0.135291 0 0.783198
v -0.136215 0 0.781882
v -0.137123 0 0.780568
v -0.138014 0 0.779259
v -0.138889 0 0.777953
v -0.139747 0 0.776652
v -0.140589 0 0.775355
v -0.141414 0 0.774064
v -0.142222 0 0.772778
v -0.142222 0 0.772778
v -0.143014 0 0.771497
v -0.143789 0 0.770222
v -0.144548 0 0.768953
v -0.145291 0 0.76769
v -0.146019 0 0.766432
v -0.146731 0 0.765179
v -0.147427 0 0.763933
v -0.148109 0 0.762692
v -0.148776 0 0.761456
v -0.149428 0 0.760226
v -0.150066 0 0.759002
v -0.15069 0 0.757783
v -0.151301 0 0.75657
v -0.151897 0 0.755362
v -0.15248 0 0.75416
v -0.15305 0 0.752963
v -0.153608 0 0.751772
v -0.154152 0 0.750586
v -0.154684 0 0.749406
v -0.155204 0 0.748231
v -0.155713 0 0.747062
v -0.156209 0 0.745898
v -0.156694 0 0.74474
v -0.157168 0 0.743587
v -0.15763 0 0.742439
v -0.158082 0 0.741297
v -0.158524 0 0.74016
v -0.158955 0 0.739029
v -0.159376 0 0.737903
v -0.159787 0 0.736783
v -0.160189 0 0.735668
v -0.160581 0 0.734558
v -0.160965 0 0.733453
v -0.161339 0 0.732354
v -0.161705 0 0.73126
v -0.162063 0 0.730172
v -0.162412 0 0.729089
v -0.162753 0 0.728011
v -0.163087 0 0.726938
v -0.163413 0 0.725871
v -0.163732 0 0.724809
v -0.164045 0 0.723752
v -0.16435 0 0.722701
v -0.164649 0 0.721654
v -0.164942 0 0.720613
v -0.165228 0 0.719578
v -0.165509 0 0.718547
v -0.165784 0 0.717521
v -0.166054 0 0.716501
v -0.166319 0 0.715486
v -0.16658 0 0.714476
v -0.166835 0 0.713471
v -0.167086 0 0.712472
v -0.167333 0 0.711477
v -0.167576 0 0.710488
v -0.167816 0 0.709504
v -0.168052 0 0.708525
v -0.168285 0 0.707551
v -0.168515 0 0.706582
v -0.168742 0 0.705618
v -0.168967 0 0.704659
v -0.16919 0 0.703705
v -0.16941 0 0.702757
v -0.169629 0 0.701813
v -0.169846 0 0.700874
v -0.170062 0 0.699941
v -0.170277 0 0.699012
v -0.170491 0 0.698088
v -0.170705 0 0.69717
v -0.170918 0 0.696256
v -0.171131 0 0.695347
v -0.171345 0 0.694444
v -0.171558 0 0.693545
v -0.171773 0 0.692651
v -0.171988 0 0.691762
v -0.172204 0 0.690878
v -0.172422 0 0.689999
v -0.172641 0 0.689125
v -0.172862 0 0.688256
v -0.173084 0 0.687391
v -0.17331 0 0.686532
v -0.173537 0 0.685677
v -0.173768 0 0.684827
v -0.174001 0 0.683982
v -0.174238 0 0.683142
v -0.174478 0 0.682306
v -0.174721 0 0.681476
v -0.174969 0 0.68065
v -0.175221 0 0.679829
v -0.175477 0 0.679013
v -0.175738 0 0.678201
v -0.176004 0 0.677395
v -0.176275 0 0.676593
v -0.176551 0 0.675795
v -0.176833 0 0.675003
v -0.17712 0 0.674215
v -0.177414 0 0.673432
v -0.177714 0 0.672654
v -0.17802 0 0.67188
v -0.178333 0 0.671111
v -0.178333 0 0.671111
v -0.178654 0 0.670347
v -0.178981 0 0.669587
v -0.179316 0 0.668831
v -0.179659 0 0.668078
v -0.180009 0 0.66733
v -0.180368 0 0.666584
v -0.180736 0 0.665841
v -0.181112 0 0.665101
v -0.181497 0 0.664363
v -0.181891 0 0.663627
v -0.182295 0 0.662892
v -0.182708 0 0.662159
v -0.183132 0 0.661426
v -0.183565 0 0.660695
v -0.18401 0 0.659964
v -0.184464 0 0.659232
v -0.18493 0 0.658501
v -0.185407 0 0.657769
v -0.185895 0 0.657036
v -0.186396 0 0.656302
v -0.186908 0 0.655567
v -0.187432 0 0.65483
v -0.187968 0 0.65409
v -0.188518 0 0.653349
v -0.18908 0 0.652604
v -0.189655 0 0.651857
v -0.190244 0 0.651106
v -0.190846 0 0.650352
v -0.191463 0 0.649594
v -0.192093 0 0.648831
v -0.192738 0 0.648064
v -0.193398 0 0.647292
v -0.194072 0 0.646515
v -0.194762 0 0.645733
v -0.195467 0 0.644945
v -0.196187 0 0.64415
v -0.196924 0 0.64335
v -0.197676 0 0.642543
v -0.198445 0 0.641728
v -0.199231 0 0.640907
v -0.200034 0 0.640078
v -0.200853 0 0.63924
v -0.20169 0 0.638395
v -0.202545 0 0.637541
v -0.203417 0 0.636679
v -0.204308 0 0.635807
v -0.205216 0 0.634926
v -0.206144 0 0.634035
v -0.20709 0 0.633134
v -0.208056 0 0.632222
v -0.20904 0 0.6313
v -0.210045 0 0.630367
v -0.211069 0 0.629423
v -0.212113 0 0.628467
v -0.213177 0 0.627499
v -0.214262 0 0.626519
v -0.215368 0 0.625527
v -0.216495 0 0.624521
v -0.217643 0 0.623503
v -0.218813 0 0.622471
v -0.220005 0 0.621426
v -0.221219 0 0.620366
v -0.222455 0 0.619292
v -0.223713 0 0.618203
v -0.224994 0 0.6171
v -0.226299 0 0.615981
v -0.227626 0 0.614846
v -0.228977 0 0.613696
v -0.230352 0 0.61253
v -0.231751 0 0.611347
v -0.233174 0 0.610147
v -0.234622 0 0.60893
v -0.236094 0 0.607696
v -0.237592 0 0.606444
v -0.239115 0 0.605174
v -0.240663 0 0.603885
v -0.242237 0 0.602578
v -0.243837 0 0.601252
v -0.245463 0 0.599907
v -0.247115 0 0.598542
v -0.248795 0 0.597158
v -0.250501 0 0.595753
v -0.252235 0 0.594328
v -0.253996 0 0.592881
v -0.255785 0 0.591414
v -0.257602 0 0.589926
v -0.259447 0 0.588415
v -0.26132 0 0.586883
v -0.263222 0 0.585328
v -0.265153 0 0.583751
v -0.267114 0 0.582151
v -0.269103 0 0.580528
v -0.271123 0 0.578881
v -0.273172 0 0.57721
v -0.275252 0 0.575515
v -0.277362 0 0.573795
v -0.279502 0 0.572051
v -0.281674 0 0.570282
v -0.283877 0 0.568487
v -0.286111 0 0.566667
v -0.286111 0 0.566667
v -0.288377 0 0.56482
v -0.290673 0 0.562948
v -0.293 0 0.56105
v -0.295356 0 0.559127
v -0.29774 0 0.557179
v -0.300152 0 0.555205
v -0.302591 0 0.553206
v -0.305055 0 0.551183
v -0.307545 0 0.549135
v -0.310059 0 0.547063
v -0.312597 0 0.544966
v -0.315158 0 0.542846
v -0.31774 0 0.540701
v -0.320344 0 0.538533
v -0.322968 0 0.536341
v -0.325611 0 0.534126
v -0.328274 0 0.531888
v -0.330954 0 0.529626
v -0.333651 0 0.527342
v -0.336364 0 0.525036
v -0.339093 0 0.522706
v -0.341837 0 0.520355
v -0.344594 0 0.517981
v -0.347365 0 0.515586
v -0.350148 0 0.513168
v -0.352942 0 0.51073
v -0.355746 0 0.508269
v -0.358561 0 0.505788
v -0.361384 0 0.503285
v -0.364216 0 0.500762
v -0.367055 0 0.498218
v -0.369901 0 0.495653
v -0.372752 0 0.493068
v -0.375608 0 0.490463
v -0.378469 0 0.487837
v -0.381333 0 0.485192
v -0.384199 0 0.482528
v -0.387067 0 0.479844
v -0.389935 0 0.47714
v -0.392804 0 0.474418
v -0.395673 0 0.471676
v -0.398539 0 0.468916
v -0.401403 0 0.466137
v -0.404265 0 0.46334
v -0.407122 0 0.460525
v -0.409974 0 0.457691
v -0.412821 0 0.45484
v -0.415661 0 0.451971
v -0.418494 0 0.449084
v -0.421319 0 0.446181
v -0.424136 0 0.44326
v -0.426942 0 0.440322
v -0.429739 0 0.437367
v -0.432523 0 0.434395
v -0.435296 0 0.431407
v -0.438056 0 0.428403
v -0.440803 0 0.425383
v -0.443534 0 0.422346
v -0.446251 0 0.419294
v -0.448951 0 0.416227
v -0.451634 0 0.413144
v -0.4543 0 0.410046
v -0.456947 0 0.406932
v -0.459575 0 0.403804
v -0.462183 0 0.400661
v -0.464769 0 0.397504
v -0.467334 0 0.394332
v -0.469876 0 0.391146
v -0.472395 0 0.387947
v -0.474889 0 0.384733
v -0.477359 0 0.381506
v -0.479803 0 0.378265
v -0.48222 0 0.375011
v -0.484609 0 0.371744
v -0.48697 0 0.368464
v -0.489303 0 0.365171
v -0.491605 0 0.361865
v -0.493876 0 0.358548
v -0.496117 0 0.355218
v -0.498324 0 0.351876
v -0.500499 0 0.348522
v -0.50264 0 0.345156
v -0.504746 0 0.341779
v -0.506816 0 0.338391
v -0.50885 0 0.334991
v -0.510847 0 0.331581
v -0.512806 0 0.328159
v -0.514726 0 0.324727
v -0.516606 0 0.321285
v -0.518446 0 0.317832
v -0.520245 0 0.314369
v -0.522001 0 0.310896
v -0.523715 0 0.307414
v -0.525385 0 0.303922
v -0.527011 0 0.30042
v -0.528592 0 0.296909
v -0.530126 0 0.29339
v -0.531613 0 0.289861
v -0.533053 0 0.286324
v -0.534444 0 0.282778
